Size	Checkpoint time	Restart time	WBW	RBW
0.3	4.47	2.139	68.7248322148	143.618513324
0.55	6.699	2.903	84.0722495895	194.0062004823
1.27	11.57	4.831	112.4010371651	269.1947836887
3.14	19.395	7.867	165.7829337458	165.7829337458
4.66	27.157	10.411	175.7130758184	458.3459802132
6.31	34.82	13.2016	185.5669155658	489.4437037935
10.21	53.684	19.399	194.7515088294	538.9473684211
11.5	58.66	20.94	200.750085237	562.3686723973
18.94	95.607	34.674	202.8571129729	559.3401395859
29.27	144.965	52.589	206.756665402	569.9382000038
31.27	154.615	54.903	207.0981470103	583.2191319236
45.11	222.045	90.735	208.032786147	509.0939549237
46.95	231.496	94.019	207.6787503888	511.3519607739

